# phi1     PHI     phi2
1.397635 2.583683 0.725433
1.678891 1.288684 3.366374
4.201143 1.299379 0.444606
0.025232 1.990660 2.991186
5.846102 0.180653 4.479349
4.796549 0.677731 0.288074
3.186136 1.329630 4.818076
4.387653 0.807852 4.145662
0.268568 1.767926 2.673223
3.653175 0.824227 6.008563
5.803995 1.544823 3.232678
1.569135 1.001074 5.478163
5.202354 1.804114 1.781048
0.812892 2.745749 2.531165
5.706679 1.922894 0.325296
4.097931 0.599658 0.967585
0.712130 1.138852 3.385536
5.761488 1.006013 3.708691
5.742342 2.045278 0.672172
0.747790 1.234629 3.901945
0.656711 0.858919 4.489995
1.200579 0.283216 5.417086
0.316689 0.871597 5.484176
4.883930 2.373229 0.927616
1.094086 0.982622 0.037996
5.725988 2.024551 4.912591
2.499780 0.162250 4.270743
2.345044 1.960031 3.809861
5.417880 2.726124 3.587129
2.265681 0.604697 4.048347
5.625192 2.033880 4.504688
1.927656 1.452094 4.103304
5.838513 0.150997 3.695519
6.067408 0.979487 2.697116
1.790083 0.210045 4.700584
3.407691 1.539374 1.259351
1.109855 0.989763 0.993141
4.528934 2.123037 1.395537
5.131372 1.151078 5.939094
0.497554 0.296358 1.868667
2.251886 1.413277 5.008257
6.228428 2.472965 0.440921
5.757767 0.997478 0.421129
0.326393 1.848161 4.537059
1.396131 0.719342 4.326019
1.457656 0.842132 5.630372
5.490097 2.517178 0.985813
2.570226 1.342225 3.155534
1.282493 1.989179 0.486021
0.955458 1.933555 3.981100
3.712199 1.194461 5.597273
0.726067 2.551123 4.803888
0.703550 1.052949 5.988088
6.070944 1.246377 6.130175
5.279359 0.754178 3.451249
2.143717 1.126419 3.579403
1.631593 2.503322 2.924318
0.202741 2.684580 1.495564
1.563493 1.571299 5.813478
1.803795 1.735516 0.985207
3.032526 0.261965 3.743392
0.032720 0.918365 1.968693
3.666447 0.972066 5.471953
1.635834 1.946127 2.757675
1.053995 0.877931 0.374889
4.145987 1.192338 0.695223
2.380802 1.096362 5.609625
2.906837 1.841452 1.731166
4.283463 1.840645 0.114011
3.568742 0.654392 1.292972
2.579474 2.311619 3.505003
1.222451 1.471574 1.090217
1.759944 1.283926 4.530704
5.488029 2.643532 0.252728
2.348052 1.555735 2.165253
1.003907 1.966703 5.524668
1.540415 2.499205 3.768652
3.225767 2.289314 2.075825
0.949052 1.796755 3.381683
0.641389 2.120834 5.655309
3.838823 2.176284 2.586167
2.788949 1.709302 1.064860
1.008950 2.001485 3.639820
4.415582 2.231407 6.120877
1.240470 2.093230 4.744393
4.276480 2.626332 2.785679
2.022344 1.267154 1.796148
2.431933 2.946670 3.504344
0.067117 1.102862 3.861001
2.621084 0.794749 2.674720
5.040894 2.503882 2.246195
1.486199 1.105026 0.740949
3.715997 2.858438 0.538441
1.475708 0.198067 2.355421
1.527027 1.307563 4.313482
2.336420 0.605715 1.577130
1.306257 0.865303 0.092857
2.464398 1.399775 2.445066
5.518435 0.866914 1.381114
5.452311 1.764832 2.441515
5.405413 0.934655 3.062033
3.502264 1.884923 0.853819
2.623986 2.119067 0.603693
5.711389 2.313153 3.308671
0.407495 0.647372 2.140004
6.258239 1.339407 0.025763
0.087340 2.242409 0.795061
0.627931 0.202600 1.103775
0.644878 1.812910 2.879248
1.573260 2.461750 4.272171
2.795587 1.460052 1.517286
3.532970 2.872966 2.080414
6.147820 2.428630 3.060184
2.093459 1.612202 3.983506
3.657460 1.936991 3.904341
5.821282 1.125171 1.005059
4.883690 1.406824 3.236807
0.436408 2.934977 3.666820
0.564282 2.310181 3.383864
4.713968 2.876483 4.889613
0.530887 1.903327 2.802993
4.964664 1.584472 1.604053
2.856965 0.712584 0.109611
2.496434 0.785216 4.257190
3.522954 1.700369 4.190002
5.422529 1.023302 2.108626
0.847433 2.338345 0.069969
4.730344 2.522304 0.627487
4.572592 2.503461 5.965105
2.688984 0.913431 2.441059
0.910743 2.660139 0.668891
3.415507 2.190074 5.952767
1.656598 0.866975 4.087395
5.785560 2.201624 1.302694
0.801323 1.586648 1.015826
3.947815 0.066653 0.735597
1.009066 1.318193 3.407625
0.905149 0.987885 5.659899
2.861273 2.132548 4.791296
0.642519 1.410110 0.765529
3.688946 1.102196 2.369606
3.913743 0.747896 5.423149
2.475724 1.033277 5.709059
2.767002 2.417356 4.874691
0.979112 1.652575 3.881636
1.032475 0.966387 0.074101
5.048535 1.241719 0.940064
0.774710 0.729631 0.136812
6.160008 2.952145 1.191855
4.648779 1.473009 4.763684
3.776284 1.325187 4.021175
0.552326 1.506808 2.988760
0.387919 2.788040 6.202404
1.422517 0.593863 0.426373
1.923377 0.831265 0.594613
2.190900 0.777837 4.199265
0.258603 1.357201 5.867415
3.385432 2.959101 0.026265
2.177401 0.618989 5.186594
4.469559 1.183970 4.136749
4.020938 1.710500 4.614670
0.079040 1.257170 1.608828
0.732572 2.103179 4.448079
5.699255 2.984256 1.416146
3.676715 2.484138 3.278328
1.206639 0.909400 4.583694
3.234997 2.421205 5.314649
4.695403 2.013379 1.580992
4.507559 1.031788 3.768613
2.580868 2.676148 3.086690
1.551124 1.728006 2.860748
3.345664 2.825221 1.722840
4.951889 2.187568 0.446958
5.537198 1.914284 0.186646
3.150287 0.921490 6.021945
1.597293 0.756556 4.831626
4.423792 1.688349 2.212565
0.053725 1.437724 0.973782
0.274346 2.185956 1.625556
1.679644 0.529829 0.778910
3.261806 0.802642 1.074684
0.725561 1.809458 6.088612
4.139087 1.991960 1.617003
2.116605 2.295138 1.659706
0.228012 1.778245 5.534825
0.140147 2.387869 2.497227
3.760840 0.236050 5.360620
1.803690 0.624263 4.768471
3.823345 1.185672 0.914992
5.042434 2.337281 4.855017
1.608917 2.295746 1.113686
6.021532 1.957440 2.677747
4.969364 0.550373 4.342031
3.179843 1.057451 0.656427
2.349819 0.528449 3.075318
5.590761 2.254732 0.307108
3.602661 1.735525 0.785230
3.840243 1.729616 4.602326
4.358615 0.952396 4.856524
0.752164 1.115223 4.133730
5.286499 1.196176 4.440306
1.336808 2.806051 4.647904
2.071233 1.776590 2.283224
5.632522 0.816493 6.005810
4.854723 1.802817 0.989122
0.239474 1.935417 1.359132
0.636897 1.661589 2.181353
3.916732 0.556678 2.058978
5.199262 1.267380 3.826361
5.566971 0.884330 4.472106
2.250598 1.344187 4.646471
3.500049 2.951120 5.740578
1.594254 1.861296 4.541722
2.348616 1.959825 2.383642
5.453754 2.468035 3.361465
0.915893 2.072674 5.355245
1.314949 2.289415 5.739603
3.510230 0.852856 0.430893
0.591888 2.382705 1.055652
3.861110 1.142116 2.417899
3.343813 0.676498 5.257421
4.079349 0.831709 1.830194
0.204111 1.491506 6.165017
5.894552 1.652946 3.570134
0.557592 1.465506 2.716492
0.853202 2.385054 1.723128
2.693543 1.614215 3.370319
5.283871 1.204436 2.402341
2.298285 1.953096 4.428545
0.081643 2.797851 4.687610
3.947168 2.060571 1.658544
0.985231 1.602393 3.030477
4.186430 1.224984 1.399697
1.899755 1.506774 3.516394
1.319447 2.369434 3.579398
1.287145 1.083853 2.216546
4.652567 1.501337 0.927575
5.838753 1.371113 1.919253
4.045539 1.136984 3.674749
5.709736 0.573688 3.435303
2.861728 2.232335 5.422652
2.827289 1.137835 4.368187
4.149590 1.200176 3.045022
0.799977 1.084810 1.294305
4.336401 2.502868 5.934849
1.095359 1.952938 2.021194
4.495632 1.360366 0.158446
4.744382 2.534632 0.744500
5.139897 2.051691 2.843395
3.924858 1.437723 2.019505
5.669287 2.509547 2.590341
4.014550 1.148413 1.403343
6.274494 1.589475 0.482020
1.115770 1.294176 5.295062
5.281094 2.077675 4.631529
3.545022 1.477679 6.110114
4.099989 1.785867 5.891369
1.839475 1.219887 1.529916
5.993151 1.054640 4.189590
3.620657 0.449501 5.787653
3.108737 2.357114 2.342673
5.724198 2.205362 0.585398
3.358415 0.517362 1.890914
0.824384 0.470550 0.782635
1.602817 3.104518 5.728058
5.615362 1.200878 2.085632
3.409321 2.642326 5.901295
6.259392 1.239386 0.296979
3.553608 1.133044 3.415996
4.715112 2.851552 0.713641
4.424240 1.280159 4.138644
4.727211 2.057390 4.526991
0.208385 2.349556 1.220752
3.675705 1.105823 1.839064
2.637860 1.451471 1.756172
1.591127 1.205998 5.681168
5.472420 2.451262 4.968204
5.643921 2.202552 3.557729
5.189077 2.562575 5.595767
5.113842 2.742458 2.185304
0.965845 2.562928 2.194452
4.732309 1.509375 4.673970
5.542665 2.284542 1.825519
3.177843 0.700499 5.759070
2.319483 0.188569 2.076880
0.875454 1.908152 4.149202
3.226925 1.640050 3.543641
4.031488 2.841802 1.535588
4.110665 1.672909 3.573579
4.934808 1.228388 0.477441
0.804514 0.847055 2.110926
0.012940 2.125602 3.991465
1.625058 2.598812 4.861092
2.761136 1.055060 2.082339
3.941108 2.518223 1.913774
4.586609 0.789240 4.523695
3.613089 1.438731 5.348507
4.783153 0.796056 0.941053
2.231534 1.020129 5.062333
0.675483 0.194094 1.403961
3.977164 1.282898 5.908033
6.104843 1.639302 5.326067
1.463405 2.335866 1.918822
0.212453 0.952827 2.141906
1.784398 0.847968 0.582897
0.830051 0.830224 3.168982
2.688258 2.300897 0.047630
3.662801 0.930962 5.305512
0.250161 1.359301 3.630777
2.659233 0.936198 5.853793
2.849084 1.199551 3.002716
2.544836 1.299579 2.622680
1.563035 2.131463 6.258577
5.352286 1.104541 1.594270
0.287079 1.387482 0.602569
2.565152 0.718700 6.258478
2.632957 2.145381 2.236045
5.852317 1.320516 4.940618
5.778162 1.530387 1.033924
2.566095 2.458494 4.215988
0.654224 0.912023 5.444130
1.324967 0.811422 4.523890
2.166457 1.736448 5.183691
2.364354 1.532814 2.297253
2.798511 0.510692 4.545193
5.022093 1.209030 5.995383
3.749899 1.110989 5.347217
0.050630 0.945969 4.618044
3.519868 2.281951 4.630661
4.813372 2.287233 4.760603
2.451101 1.550888 0.357071
4.153386 2.026367 5.552591
3.676807 2.386915 2.047339
3.204177 2.335654 1.960977
4.840597 1.127447 6.064849
0.046456 1.650929 3.084646
1.857470 0.866176 0.514845
0.581309 1.986920 0.860837
5.333150 1.350351 3.853720
0.293880 2.349391 2.441155
3.339955 0.738986 2.611505
0.630043 0.637047 3.147367
1.964097 0.762336 2.013115
2.931567 2.312702 3.253946
5.786965 1.022112 2.957755
1.292902 1.007701 3.301611
5.946332 0.796343 2.734647
3.239036 1.307875 4.945004
2.394337 1.592742 1.655991
1.088337 2.768505 5.090557
5.951533 0.942726 1.277470
5.355322 2.200435 1.141101
2.675872 0.533480 3.524035
2.698893 2.196031 1.159779
2.906204 1.668440 3.963658
3.817601 2.510660 0.194778
0.850211 0.929844 5.676304
0.917625 1.612077 5.539349
4.029998 0.689823 0.310823
0.132829 2.534361 1.909934
0.872679 1.950302 5.575161
1.944036 1.774851 2.538923
0.350722 2.337658 4.802735
5.103044 1.115248 5.278164
2.251321 2.225108 2.154453
1.669807 2.022022 1.815772
3.790335 1.752827 2.950974
2.674110 2.664209 4.546511
4.193498 0.879890 0.885886
5.368505 1.200014 0.926058
4.285993 1.942333 0.597321
0.732820 2.805997 0.237234
5.793301 2.004690 2.646719
6.016111 1.850336 3.602267
2.202910 0.888623 5.066101
1.113379 0.667415 3.432923
1.098863 1.989233 0.588675
3.991070 2.490522 1.659240
2.607553 2.783201 2.293870
3.452128 2.302522 2.317398
3.906675 2.117613 0.106137
2.225682 0.886579 0.461726
0.478470 1.948394 4.183942
4.136465 1.987318 1.366878
4.854977 1.201360 3.460843
4.881215 1.875604 4.127212
5.445048 1.767102 4.359849
1.108829 0.829397 0.405530
0.768039 1.517632 3.814570
4.857159 0.216822 2.212725
6.144258 0.588203 3.978928
2.287339 1.826626 5.504117
3.289504 1.499885 0.965138
0.153659 0.928558 5.442087
1.275188 2.550537 3.124665
2.503448 2.011060 3.319546
4.664902 2.625401 0.955350
0.174136 2.039003 2.767968
5.372197 1.919397 5.613077
2.315851 1.767308 0.656388
0.784909 2.007457 4.761117
2.009496 1.419927 5.709657
2.747025 1.567579 3.992734
4.489543 1.317518 3.577222
4.706735 1.252878 2.249021
2.700991 2.177160 1.644998
5.846186 0.167203 3.176292
2.942187 0.993202 2.216021
4.142203 0.980659 4.304897
5.734668 1.183405 1.309518
4.758892 2.169001 3.270751
3.116798 0.677827 1.622135
5.424197 2.368559 0.804167
5.090728 0.992874 0.092198
4.648213 1.093736 3.923229
3.664507 2.673673 2.654582
4.458173 2.591260 3.551416
2.545381 2.371138 3.583415
2.799503 2.597823 1.046912
3.426504 1.202516 3.402085
0.527938 0.931252 3.052292
6.173996 1.576486 5.597913
3.071595 0.373355 1.791067
2.026268 1.825939 6.115234
1.607707 0.318935 4.409635
2.339643 1.893066 0.642963
3.262199 0.833013 1.381459
1.950387 1.967850 4.260928
5.764888 0.836198 3.254665
1.862584 1.701947 3.982204
4.818173 2.544878 1.923619
3.673147 2.213907 2.342860
4.289548 1.704870 4.658266
2.633728 2.411736 2.167355
1.103025 1.226733 1.342782
5.941726 1.548821 1.021127
5.843086 2.628902 5.666062
4.603126 2.168113 1.766685
2.301758 0.602071 3.188848
3.961122 0.883913 3.867457
4.624885 0.454302 3.534883
3.268102 0.821932 5.321935
4.709644 1.942426 3.787140
4.694777 2.384095 3.158241
2.951652 1.044680 1.536593
3.605341 1.005907 1.377070
4.319408 1.009791 0.403209
4.264240 2.034425 2.093282
4.408221 0.686062 2.484043
3.806585 2.161274 2.810199
2.033373 0.839158 6.023902
1.048250 1.492169 3.852241
2.967443 2.166755 4.490222
0.284487 1.341695 1.632808
0.129911 2.213243 1.374543
4.111116 0.995277 3.882769
3.652819 0.581361 1.939585
3.196157 2.104589 3.445218
1.318014 2.393762 2.537406
0.435846 1.806460 5.426921
4.325148 0.658147 0.708193
5.875788 0.951770 0.651353
4.474663 0.945395 3.277207
1.417565 1.918461 5.019869
2.972457 1.291435 4.973104
4.751658 2.672995 4.897675
4.197854 2.325560 3.012677
3.197150 1.364686 1.002002
4.200926 2.299422 4.999996
0.168566 2.558714 3.584192
2.044512 1.140827 5.604764
2.342667 1.291978 2.865738
1.354649 1.747949 4.804020
2.541358 1.744328 4.774465
4.764452 0.825078 1.308322
2.425325 1.032877 0.763053
0.526659 1.698749 0.689327
1.662327 1.201495 6.088168
4.017884 0.802006 3.071011
5.152908 1.844973 1.542192
3.327389 2.331714 0.833880
2.869493 0.558574 4.161857
1.891284 0.836954 2.919030
6.163446 0.488624 1.301261
4.194875 1.461704 0.456629
3.146072 1.400858 6.006150
0.023785 2.470514 5.316452
3.654561 0.968424 1.137879
5.747052 0.517087 3.671988
4.741089 2.085145 4.379859
1.562842 0.799579 2.393879
3.515850 1.902569 2.496810
4.569735 2.141545 2.078543
2.820258 0.730647 2.457461
5.098992 0.887993 4.522760
0.308955 1.731877 5.649561
0.199959 1.923391 2.770135
5.212463 1.186921 2.832216
2.317245 0.683609 4.296314
4.709857 2.875651 0.613038
1.408020 2.295696 3.709419
2.908843 0.889345 4.523134
4.864803 1.549347 3.940437
3.103092 0.812918 0.298910
5.772321 0.988286 2.657620
6.133084 1.732096 2.770186
1.153361 0.541374 0.989972
3.686843 2.883083 0.706856
5.992646 0.711523 4.526005
6.104914 1.652840 2.348094
4.891906 2.395496 3.638184
5.834896 1.501103 3.175866
4.885984 0.533952 6.012466
1.463450 1.601761 2.725504
2.802318 1.616963 5.956771
4.656754 0.241582 4.856246
2.049400 1.452563 3.554666
1.029255 1.949422 2.969167
4.230858 2.050815 2.354063
5.028138 0.442794 3.276037
1.501224 0.834899 0.825841
0.440906 2.003426 3.036953
2.166819 1.079965 1.105715
2.396318 0.640793 0.455921
0.484060 1.609447 4.041777
1.628067 0.588471 2.234893
1.678974 1.604449 3.720011
6.010751 2.577609 1.354143
6.222000 0.462033 1.923707
0.318557 2.115466 2.847071
5.864779 1.277026 1.495346
4.734355 0.533498 2.547873
3.077854 2.739139 1.216409
1.529067 1.668275 3.184313
4.136313 1.796518 1.934944
0.425641 3.000024 3.326386
3.126293 0.560600 2.391463
1.907137 1.329677 0.648546
2.126167 2.439370 1.237862
1.268515 3.001705 4.894840
5.641360 2.271813 1.610000
0.621890 1.034448 3.687379
2.587684 1.996610 2.450468
3.901711 0.297125 1.339413
5.107769 2.943278 4.805239
1.628433 0.972282 4.196218
4.911046 1.747162 1.457108
5.445826 1.828901 0.659638
4.622409 2.898154 3.379166
2.564194 0.960154 5.872582
4.439646 1.065662 1.970777
4.879744 1.252886 1.004920
6.027704 1.748672 0.160978
4.248196 0.108998 2.727641
2.194650 2.806383 6.120737
1.278041 1.146753 5.719968
0.267170 1.749092 4.442141
3.626646 0.847574 4.800077
2.550972 1.832334 0.574927
4.882803 2.763683 2.741719
5.339279 2.516085 0.395219
2.523589 1.473211 6.219975
0.770939 1.755959 3.799829
3.048060 2.305589 0.062098
6.228520 1.633358 2.024086
0.251351 2.026558 5.058181
1.709538 1.684828 5.098708
1.931536 1.604119 1.844898
1.568057 2.963193 1.765960
6.157157 0.877913 2.419193
0.989888 2.397675 3.233391
0.960690 1.744841 6.092134
0.188972 2.015113 2.402363
3.024943 1.720776 2.374432
4.984576 2.252074 2.678227
4.626390 0.456898 1.370703
5.481235 1.794639 2.124123
4.427590 2.590377 0.183190
4.461145 0.827633 5.314774
0.097900 1.518589 2.384912
5.145939 1.295896 1.256378
3.144867 0.802416 2.952500
3.624981 1.397399 3.261723
4.987770 1.209737 0.092000
5.189930 1.409632 2.945997
2.644357 1.212599 2.832668
6.154290 2.255131 3.752702
4.669291 0.766273 3.887754
5.834937 2.165645 3.922313
2.933187 0.951929 4.638101
4.407332 2.751330 3.038262
4.333722 2.054153 0.824500
2.584652 1.501239 0.167132
3.626118 1.618627 1.994859
1.402644 2.443729 6.073509
2.956744 2.232836 2.726275
0.667270 2.645186 0.480004
5.323561 0.051879 4.848370
3.134785 1.231287 5.909269
3.874425 1.843497 5.613274
5.221742 0.849763 2.260073
0.493186 1.622883 1.041095
4.167521 2.245931 3.573716
1.763777 0.614475 5.419760
5.888766 0.511692 2.092774
1.063085 2.499838 5.571051
5.116653 2.203507 4.077933
5.921014 2.736808 2.947145
2.124147 0.819627 2.625791
1.628381 2.067745 6.067557
5.985906 1.008410 1.677565
4.618988 0.827358 6.258946
5.983196 2.089603 1.404702
5.848942 0.660046 4.327050
3.104205 0.704305 0.777998
6.036821 2.467967 2.223275
3.796530 0.618294 0.114063
5.386664 1.909407 0.356390
0.791980 1.635661 1.919026
3.832865 2.220666 1.247850
6.155478 2.616310 4.980269
5.951816 1.337478 1.219640
5.188474 1.890038 1.385946
5.259010 0.992233 1.911794
0.195944 1.739514 6.041050
2.187092 0.854052 0.807080
5.409550 2.098584 3.425284
5.072605 0.506322 3.016007
3.318023 0.834997 3.323972
1.773290 2.719036 0.667812
2.570525 1.429962 5.537952
1.410743 2.030823 0.413762
0.558157 0.827554 2.950922
1.878067 1.105193 4.861151
5.904175 2.680411 5.899290
1.147963 1.145611 0.849344
0.769799 0.935161 0.611746
3.772155 1.150968 4.986274
4.567962 1.404852 5.381636
6.181712 1.606217 1.787746
6.160041 1.460201 2.198138
1.180035 1.027692 0.281851
2.802045 1.385494 2.087897
2.093125 2.342130 5.683843
4.474859 2.519556 3.973565
2.182740 1.957436 3.602492
1.319012 2.265211 2.217556
0.919818 0.958072 2.285668
4.118451 1.983495 0.875970
3.406073 2.824896 3.483204
1.011312 0.895230 5.800727
0.011155 1.808970 5.306544
1.828643 1.711334 2.142920
0.035697 2.801519 3.472535
1.475623 1.167042 3.345867
4.719299 2.126937 0.683546
2.204649 1.861359 2.326847
5.036049 1.662429 2.605684
0.340037 1.611909 2.661807
3.057650 0.837587 4.389673
0.005624 1.831709 4.461567
5.262840 2.141519 4.049003
2.779780 1.284015 1.986000
1.344411 1.696592 0.216602
5.199059 0.962352 0.633366
4.257901 2.403614 0.628293
3.814071 1.177081 2.890878
1.069484 0.742068 5.304689
3.274368 1.173895 1.301587
1.715882 2.098233 2.412052
1.905608 1.077664 0.816785
1.962928 1.662879 5.238929
3.205165 0.939667 3.077479
6.029803 1.761810 5.708604
5.446331 2.192751 0.619996
4.251982 0.751112 1.507228
0.658455 1.402163 3.071298
6.018919 0.617184 0.904233
2.401597 2.605464 1.691828
5.026390 0.878522 3.402295
1.993578 2.666858 1.495131
2.261104 0.278834 5.708481
0.882159 2.632049 1.420995
5.998487 1.073010 1.882314
5.222713 0.818976 0.595699
6.041561 0.819376 0.306240
6.169037 1.484780 4.342555
5.636992 1.644928 2.994865
5.388945 1.594828 3.562764
4.946757 1.218481 5.102791
0.632957 0.958573 0.487201
2.138102 1.851034 0.600683
4.693379 1.569380 5.191201
4.411487 2.789446 0.453424
5.170604 2.365266 3.910692
2.540803 1.259624 0.652270
0.173893 1.959331 2.141096
1.956001 1.522288 5.305461
4.361257 1.924689 3.109422
4.557939 2.580775 3.085425
4.367221 1.844691 1.539062
5.543340 1.306101 1.276474
1.143304 1.833545 0.494805
1.123772 2.612533 5.039032
0.497701 1.341117 3.059783
5.080561 1.116988 0.303477
2.347903 2.051116 6.101747
2.136965 1.408658 3.459292
3.941894 1.810658 6.228833
3.956706 0.407446 6.251758
3.659294 0.929898 0.574988
3.426173 2.166239 2.973936
6.018386 1.505585 4.218379
1.501275 1.855616 4.368029
2.537184 1.436769 3.449751
4.259278 1.029947 6.114840
1.553192 1.378929 1.651940
5.359692 2.079789 3.991721
2.285792 1.341087 0.930149
5.561745 2.078383 3.440633
0.104616 0.744358 3.064538
4.584651 0.905575 0.976206
0.655923 1.056788 5.417638
1.404027 1.544470 0.313450
2.086157 2.107193 5.495551
5.006856 1.742367 4.711223
5.154024 0.283366 5.090355
0.725270 2.067075 0.731955
4.497862 1.265857 5.879148
1.856928 1.825890 0.060840
0.496962 2.280543 1.514451
4.424343 2.566124 2.429447
5.358553 1.653246 6.132282
1.451671 2.360531 5.965522
4.209402 2.461406 6.013934
5.580112 0.774086 3.138771
4.685853 1.197994 6.021898
2.720346 2.132033 0.784861
2.805945 1.392364 4.937172
1.446537 3.088328 2.804707
3.582915 1.453828 1.331144
4.169040 1.357942 5.012179
1.735170 2.563298 1.346539
3.115078 2.093220 2.190939
4.787225 2.945046 4.153212
0.019290 2.552337 4.486947
5.587225 1.118328 3.397071
2.881214 0.401659 2.152516
0.783648 1.738416 3.560350
2.869463 0.961900 2.550085
4.159769 2.354591 0.242488
5.667922 1.693171 1.619905
4.630275 0.811998 1.255266
0.588032 1.570047 6.061852
3.421721 0.597263 1.417930
1.442436 1.224891 0.070019
4.043395 2.198462 5.012691
5.985171 2.156734 2.839850
2.291674 0.313702 3.056999
6.198513 1.673666 3.120583
3.869974 2.014688 1.484788
0.466156 1.835755 3.564110
2.123847 0.873928 1.395472
4.148883 0.798948 5.638527
3.758125 2.203661 4.915086
5.796230 1.407968 2.432438
5.335021 2.421980 1.760729
0.531656 2.373903 0.022176
3.527079 1.304846 5.301896
1.291197 0.951196 4.277699
3.726239 2.028584 0.725014
1.010231 1.136881 5.246843
3.811315 1.916247 3.675027
4.996982 0.661667 6.176631
4.140277 1.886801 3.938998
0.244132 0.242611 1.544903
3.777899 2.197112 3.595414
1.707643 1.797750 5.429345
0.960436 2.116695 2.565567
2.084116 2.365332 2.865663
0.109479 0.613740 2.477901
4.008324 0.255928 4.178513
4.800278 2.111720 3.321923
6.082715 1.697382 0.750349
2.155691 0.727652 4.859072
4.154346 0.523959 1.330933
1.391074 0.836774 5.177854
5.575978 1.919130 6.246961
3.410705 1.280514 2.447654
0.768768 0.766478 0.046437
4.948422 0.678749 2.154509
4.724658 1.909359 1.469091
3.873313 0.733156 4.202101
6.222838 2.537932 4.418766
0.278536 1.993760 3.986706
5.929404 2.378952 2.723242
0.436178 2.453715 2.641663
0.499246 2.497638 4.189973
4.636476 1.787367 0.954852
1.009583 1.596848 0.354906
4.145380 0.598632 2.416674
3.641668 2.892000 6.141257
3.156322 2.670494 5.201740
4.900797 0.976485 3.054660
1.582339 0.709797 4.165797
3.086264 2.522572 4.654292
4.952911 1.158905 2.982602
5.960935 0.853171 5.826951
1.269706 2.290376 2.492210
1.818073 2.874441 3.547580
4.281373 1.595746 2.162944
4.753419 2.197770 5.762826
1.774166 2.427533 5.567424
2.142624 0.582225 4.079783
5.367487 1.632982 6.167704
4.023536 2.687644 1.069104
1.342050 0.498097 4.895557
1.656081 1.374335 0.234734
3.696999 0.751411 0.016199
3.627475 1.361150 1.212907
2.414874 2.364231 3.166277
4.760704 2.186154 2.348671
1.847261 2.798157 4.841260
1.137619 0.902614 0.760617
3.058034 2.306706 2.346154
3.726615 2.715708 3.489506
3.907556 1.463900 0.790971
2.010896 1.157869 2.945498
4.747876 2.554944 2.997219
3.010461 2.725360 0.067787
1.658278 1.869714 3.886549
5.287870 1.565232 0.353027
1.287391 1.872837 0.837627
0.832386 0.628014 2.852158
0.466376 2.172206 2.527308
3.111131 0.990547 1.017191
5.826314 1.185436 0.041516
1.575479 1.625701 4.576424
2.355087 1.389283 2.215654
2.467058 1.576921 2.724229
2.365243 2.775288 6.279093
4.917650 1.820126 0.839312
1.029017 1.100700 0.889530
1.667240 1.958257 0.037291
5.834533 0.531265 1.984677
4.955188 2.321272 4.826531
0.485790 0.826036 3.195001
1.398946 0.931267 2.660829
0.431074 2.073171 1.487031
1.339792 1.243096 1.573416
3.796998 1.919359 1.630486
4.430174 1.589206 5.327598
4.617551 0.372350 5.221598
1.889197 1.322389 1.526070
4.914379 2.454003 3.851351
1.828541 0.996754 5.398660
0.924632 1.617875 2.358350
2.472173 1.878248 6.261345
2.255601 2.306082 2.452046
4.806238 1.914019 0.479982
1.458846 1.975468 1.844283
1.345176 0.380084 4.296023
3.957983 2.514320 4.508521
1.753590 0.416144 4.457093
3.637387 0.434512 0.840310
6.013442 2.306495 4.634127
4.400529 1.300714 3.980935
4.008000 2.326897 0.308916
3.743806 0.361857 3.949187
3.394237 0.258671 4.595556
1.432792 1.082559 3.945771
5.139173 2.405604 0.898788
3.381196 2.664670 0.060476
4.409457 1.308775 2.739339
3.067670 1.574405 3.630892
0.660536 2.283334 5.305612
3.995284 0.824508 2.792529
0.687374 2.487381 2.821510
2.362560 0.880855 4.750690
1.953209 2.134932 3.547001
3.697833 1.313906 2.456588
4.970727 2.352709 3.761945
2.543436 0.518115 6.092769
0.209513 2.309280 5.405684
0.488330 1.332027 1.087368
1.693306 2.071739 5.625927
0.683729 2.685160 3.275336
5.192322 1.999613 4.702556
2.776894 2.934296 1.962360
5.707578 0.755097 0.814017
0.087064 2.213196 5.582706
3.813608 1.083104 0.926186
2.455655 0.827489 0.475612
1.560740 0.980228 5.160066
3.665112 1.672944 5.879044
3.509094 1.016034 3.846029
3.009730 1.977184 5.339884
6.207500 1.135028 2.685461
2.202003 0.735185 1.828018
5.867429 1.058494 1.559199
3.655695 2.770804 2.466312
4.290658 2.041118 4.273632
2.955947 1.223679 0.016791
3.124378 1.217996 4.842142
0.664639 0.767737 5.000647
0.854746 1.938414 4.610721
6.193268 2.545766 5.993664
0.320351 1.750108 2.902452
2.141262 1.619227 2.917922
0.100667 1.533768 1.868979
1.443850 1.827841 5.097722
5.545168 0.308726 1.364514
1.577328 2.476721 0.178955
4.484039 2.617872 2.804132
1.525055 1.631235 4.404992
3.199435 2.398325 3.401994
0.987903 0.738857 0.643684
0.860175 0.414788 3.277292
2.110450 0.923825 4.369486
5.423934 1.994167 2.450099
1.296852 1.933684 0.010931
3.248531 2.277000 2.389634
1.689392 1.522194 2.294844
3.788389 2.325935 2.492654
2.726165 0.774268 0.148190
0.627668 1.235926 5.378469
2.631584 1.273509 3.171281
0.912901 1.726889 4.293236
1.550972 2.757283 3.084724
5.772925 1.310497 4.789722
2.287240 2.055340 4.151379
3.368911 2.396256 5.139502
2.618854 1.219016 0.811487
4.406073 1.866744 5.420514
6.007227 2.903936 0.509547
3.918525 0.999367 6.145191
3.671707 2.271676 4.214190
1.701720 3.051788 3.131953
2.403857 1.730873 5.252832
0.467283 1.954846 2.691687
2.197593 2.138576 1.000837
5.100100 0.413698 1.858032
2.762662 2.044280 4.238462
1.920507 0.677098 1.274357
1.870556 2.509443 1.688864
1.852626 0.609518 3.109501
5.699638 1.075773 3.435956
4.866743 0.650929 4.236339
4.282733 0.944364 1.763281
0.303386 0.835070 6.079782
1.752171 0.735980 0.546127
1.598557 1.381891 4.932135
3.177804 0.559726 5.365140
4.618978 2.418097 5.452270
2.575413 1.189502 4.793455
5.732793 1.742371 3.852080
1.920817 0.514845 4.961807
1.340168 2.198428 1.366508
1.209728 1.986834 1.012348
3.970924 1.460379 1.708522
3.364095 2.048437 5.150112
1.198606 2.227432 3.929229
0.539902 1.400645 3.192276
1.935764 2.452117 4.327661
5.378867 1.518638 6.255962
3.397695 1.010682 3.918514
0.691415 1.864793 2.203354
4.112156 2.305233 4.337668
5.573885 2.399461 3.183230
2.950786 0.395866 4.849057
2.036073 0.617742 4.659538
1.428883 2.670848 4.435824
4.084451 1.268239 1.660838
2.440811 1.945055 0.640542
0.824605 1.572473 4.571092
4.226707 1.307289 3.334948
1.456558 2.472934 1.802791
5.795944 0.809958 1.589697
3.848426 2.441086 3.057199
1.362600 0.520947 3.854034
1.374428 2.040524 1.683473
4.822027 2.531886 5.478530
4.007184 2.442678 0.042992
1.522513 1.779340 3.001225
0.655832 1.285547 3.830089
3.483787 1.151237 3.983034
5.292023 2.090528 0.955061
5.568764 1.140169 6.217153
6.052566 1.725168 6.004336
0.361532 0.705859 0.400498
0.595526 1.722827 0.541285
2.582733 2.365755 2.147382
5.844830 2.085189 6.135258
2.411482 1.069787 5.609629
6.267955 1.981432 4.511955
0.498638 0.760026 0.140003
1.505666 1.375121 5.949688
4.069999 0.615898 5.151061
3.398836 1.961344 3.134197
5.682672 1.174370 3.065986
2.553495 1.198613 2.417053
4.820825 2.373897 2.803871
1.148164 2.261288 4.107805
0.130769 0.446068 3.839831
3.937492 0.430466 5.778553
3.848590 1.273801 2.434770
1.113227 0.893052 3.615404
0.577278 1.947032 4.609767
1.059700 1.867791 0.981926
0.266384 2.018469 2.033265
0.996062 1.622426 4.565145
2.171374 0.202218 0.707453
0.733054 1.123368 4.877816
4.679378 1.081518 4.180452
5.527211 0.395071 1.321885
4.626073 0.320760 2.384612
3.371229 1.672164 2.590525
5.385446 1.916745 2.768842
3.821473 1.716155 2.378318
0.488566 1.234346 3.122043
0.552131 2.496739 3.626829
4.003562 0.887280 2.316363
0.665026 1.291763 5.573780
5.828177 1.707419 5.720764
4.172016 2.055423 5.943737
2.823462 1.458446 2.165615
6.172429 2.261914 4.512761
4.378146 2.402723 2.473828
3.870449 1.260403 0.513963
3.996114 0.902530 5.046754
3.740641 1.189205 0.203816
3.091058 1.356888 2.338401
1.060981 0.905896 4.425308
4.517793 2.381097 5.412012
5.175024 0.227226 4.633709
0.891378 1.981772 1.200706
4.039774 1.101919 3.326566
4.985510 1.670119 1.654940
4.146195 0.293083 5.019764
5.171077 1.859222 3.000942
5.931312 2.237536 4.645559
5.234237 1.069362 2.180195
1.629923 2.227043 5.514951
0.027142 0.582648 0.767231
3.291041 1.837652 1.589954
0.077107 2.461310 4.240041
6.232679 2.383258 0.685191
2.061444 0.852833 5.288123
4.785444 1.385510 3.728104
2.838345 1.754795 4.926220
3.492986 1.377743 4.434937
6.112406 2.134335 5.305070
5.705070 1.692847 2.666554
3.410160 1.459832 1.936858
5.193507 1.206992 3.765297
3.627104 2.190868 5.689464
6.153549 1.075554 2.422326
3.990690 0.689045 0.241267
1.137852 0.471932 3.332810
2.924270 1.016088 6.273427
0.429998 2.114129 6.177353
0.775395 2.069204 5.376350
6.000121 2.002165 3.101137
0.988292 1.359653 3.018732
0.595156 1.593493 6.026432
6.178225 2.010934 3.477327
5.664941 2.462502 3.397466
3.106722 1.579030 0.856343
0.680682 0.616538 4.042315
3.737076 2.408342 1.269246
2.457702 1.471355 4.233312
4.973515 0.705028 1.939866
5.927423 1.312263 2.046515
1.538561 0.948427 1.717940
1.721768 1.074401 6.119055
1.670454 2.035938 5.994107
2.644079 1.192640 1.866518
4.336370 2.478370 5.197079
2.573571 1.101516 0.348080
2.311259 1.917491 5.277885
1.568983 1.142358 5.076921
4.916262 0.914325 3.334845
0.334418 0.856474 4.065016
1.386777 2.513960 4.391355
0.283984 0.912570 4.459929
0.458816 2.594246 2.319643
4.171252 1.271919 0.857017
5.935316 2.246163 0.533808
0.571687 1.476092 1.846052
4.960088 2.271126 5.989482
4.875271 2.334480 0.310992
5.726356 0.829437 4.038689
2.304248 2.462394 6.119873
1.728386 1.124324 5.120384
4.755709 0.791284 3.611482
2.871066 1.408811 1.179597
5.414146 0.540650 0.263123
5.292888 1.621739 4.149972
3.588954 2.056911 2.856077
2.165355 0.716582 6.089848
0.951518 2.541046 0.789232
3.227324 2.596006 4.626349
1.141360 2.017976 2.009625
3.905514 1.375086 3.076346
2.411060 0.507779 1.329036
0.716169 0.317875 0.587492
3.251105 1.011141 1.700562
0.377431 2.416799 4.304808
1.258362 1.706450 4.395048
2.185722 2.069310 2.968264
6.191322 1.149822 1.532917
2.104968 0.426711 0.253163
3.950098 1.476382 0.227881
4.584661 0.913132 0.644586
1.869734 1.380214 4.606108
2.753293 0.454182 6.108634
2.289618 1.495877 1.502424
4.504663 2.300125 1.214334
0.745381 1.317178 5.367060
0.733752 1.021479 0.735953
1.172763 2.235678 3.385296
2.901123 1.045564 0.951066
4.283021 0.947819 0.168220
4.027565 0.559825 4.992009
5.651706 1.570783 5.462149
4.506423 2.080390 2.280860
3.413634 2.163970 4.539210
1.033126 3.052889 4.606246
1.031206 2.629760 1.535938
2.495749 1.685205 2.054274
3.608334 1.420827 0.479252
5.158126 0.904642 1.316276
4.292380 0.782665 0.428562
3.753112 1.322330 5.487064
2.015132 2.071778 5.213486
1.933508 2.014441 4.416319
5.449211 1.973006 1.314763
5.692917 0.257233 5.517793
3.775857 2.043437 4.117970
2.514375 1.924238 5.527625
1.040463 2.611314 1.411107
4.069167 1.192972 2.922417
3.269036 2.657791 4.697888
4.188126 2.404928 0.878203
3.951475 2.255308 2.357497
5.503343 0.878811 4.839762
0.534674 2.181927 1.024964
0.721815 1.185991 5.559704
5.546031 2.650753 5.314066
0.562229 1.903134 4.827301
4.837053 1.832721 4.941086
0.016112 0.966657 0.404917
2.937094 1.680867 0.616308
0.829060 2.052624 0.928854
2.460426 2.311531 0.256652
5.110885 0.689936 5.147864
2.890732 2.816667 4.988650
2.236735 1.489086 1.441841
5.768227 2.259592 3.614300
2.294359 1.876480 4.113677
1.998608 1.283173 3.218991
0.372185 1.102145 0.078576
2.941148 2.619379 0.105888
5.727708 0.281055 1.793772
4.104330 1.818421 5.018862
3.984768 1.299970 1.323489
5.919159 2.892719 5.011171
4.905893 0.932124 5.872406
1.274041 1.977725 6.125747
4.406700 2.364124 0.537687
4.314134 0.663657 0.481489
0.370985 1.416520 0.539822
2.898443 1.026332 5.358452
5.678612 1.919127 4.114519
3.546219 1.701019 5.047833
2.376363 2.426370 3.982362
0.717879 2.367189 5.003639
3.819697 2.946238 3.558423
1.570725 2.336308 2.196532
0.706396 1.632958 4.034749
3.546684 2.293474 3.800264
1.895549 1.549511 0.090048
1.236980 1.338480 0.101226
4.747878 0.513757 0.239274
1.030329 2.388876 1.171661
0.787942 2.485711 2.535568
4.909470 1.889272 2.334311
2.991340 1.290501 2.970227
1.945682 2.302623 0.442358
4.302475 1.540065 4.228100
2.275126 0.851036 3.465112
5.159009 2.378977 1.846991
2.237267 1.834341 1.101922
4.597265 0.995987 5.049067
5.280028 0.828629 0.438079
5.861968 0.794220 1.207185
1.025951 0.916149 0.352491
0.651053 2.154358 5.747443
2.239842 2.659793 4.456174
1.875431 1.751531 0.629732
3.703400 1.100146 0.611993
3.363317 0.569108 2.000247
5.765593 1.011405 1.092734
2.971476 1.315667 3.144844
2.072076 1.953659 3.657097
2.849452 2.541101 3.983865
1.497181 1.560047 1.646089
2.099288 2.167935 0.806512
4.670888 1.681582 5.113641
5.843958 1.026885 6.047818
2.227209 0.524506 3.674281
3.742901 2.039501 2.252218
4.588964 0.641199 5.455389
5.677022 0.370243 4.610344
3.529093 2.823810 2.529492
5.527287 2.064758 2.377353
3.036850 1.272455 1.872525
3.224668 2.079077 0.430770
2.194289 2.145958 5.649102
0.603313 1.860129 2.215834
0.297279 2.113319 1.171539
1.701416 1.622836 4.767143
2.015974 0.414021 5.532307
2.977705 2.010804 1.892571
4.751700 1.149059 3.170193
3.776797 1.596313 3.189929
4.263183 1.797356 2.517646
0.733779 0.678903 6.221665
2.705246 2.120688 0.241597
2.238764 2.225890 4.882813
5.144186 1.843410 4.525160
1.951024 2.544014 0.176926
4.746970 1.945660 0.371490
6.132214 0.473372 1.148002
2.121689 0.995828 3.141100
3.178514 1.196531 1.754858
5.006373 1.575893 5.713041
6.214226 0.452272 2.067461
4.933205 0.830510 4.205299
2.386136 1.615027 0.375148
4.959516 0.199248 5.025057
4.281723 2.216963 0.105294
1.003518 1.338341 3.807366
0.201795 2.446069 3.571931
5.284341 2.144734 3.708247
4.813954 1.095600 0.627583
1.560447 0.509202 2.738183
5.921770 0.575495 0.845500
0.265615 1.842675 2.034410
2.692093 1.719613 4.957519
0.819966 0.999421 4.304101
2.162498 0.426702 4.160341
5.775011 2.601469 5.571028
1.286586 1.751097 4.036837
3.744501 1.636005 2.559310
0.051057 0.437953 5.700262
2.866634 1.478013 5.727527
1.045534 1.084280 3.761863
4.515717 2.284082 5.978321
0.294849 0.612889 2.326020
0.765876 1.859682 5.364596
5.588837 0.843740 3.558971
4.519004 2.721861 0.329734
2.504314 2.707052 2.664332
4.148902 2.343919 3.422883
2.054653 2.474232 2.625714
4.763604 1.685988 0.823416
0.993317 1.412771 5.477467
5.999779 2.573679 3.463822
0.355506 2.245813 2.299117
3.050273 0.684396 1.280957
3.146867 2.329569 2.341289
3.837428 1.623464 0.721598
5.597391 1.740019 0.343329
0.554381 2.267660 2.896516
1.578299 2.175759 4.573945
0.004531 2.673352 2.103804
3.940121 1.714725 3.051208
4.379627 0.338919 3.967915
1.923167 1.903623 3.309204
0.465797 1.164830 1.996737
3.203130 2.749104 4.557364
6.123264 0.571244 0.641434
5.953151 0.964595 4.085095
0.008008 2.241886 2.403932
4.155344 1.112411 4.812133
4.540067 1.000283 2.822578
3.374800 1.678000 3.414724
0.943893 1.174599 5.238799
6.072837 1.329483 3.609073
0.667019 0.851489 1.309596
3.640469 2.024340 0.582883
6.092515 1.097504 5.092189
4.194444 1.523867 4.170852
4.147542 1.540593 0.490680
3.385176 1.424868 0.749688
0.849357 1.051195 2.667358
6.276830 0.422316 4.382588
0.279210 2.636056 3.059052
4.969728 0.624389 1.792312
3.638201 0.406051 4.334408
5.235848 2.030720 3.286003
1.405773 1.447398 5.408287
2.189691 1.980672 5.656322
1.312513 1.020220 5.957766
3.307977 1.415834 0.361359
0.512515 1.714691 5.453310
5.236256 2.170879 6.002296
0.002533 0.735545 0.822276
3.341185 1.093246 2.134161
3.058900 1.933971 3.190253
1.979485 1.491371 2.456273
4.494247 2.245461 3.876338
3.702420 1.738433 0.840882
1.804107 0.743252 4.419968
4.653979 2.615987 4.548594
5.462413 1.189485 5.862454
0.531891 1.824305 1.041965
4.247652 2.346799 3.110129
6.231548 1.873628 4.554270
1.115140 1.619449 0.725132
2.495508 1.305990 5.433754
2.520132 1.753516 4.573789
3.017592 0.690170 2.055565
1.280426 1.731306 2.705334
2.456834 0.721455 4.336646
3.039267 1.405251 3.387417
2.479177 2.836147 1.815967
4.061540 1.973177 0.522533
1.607304 2.291775 1.556837
5.176686 2.958791 2.584208
2.140858 1.776867 1.993495
1.938089 2.425026 1.875398
1.299350 1.819500 4.085636
2.114874 2.453553 6.085440
1.320431 2.516632 5.475343
1.791613 1.219794 2.176132
0.029579 1.716620 1.589238
5.736981 1.009888 5.659078
2.959255 0.651013 4.665727
5.421305 1.207415 2.496420
1.082664 2.335185 6.134385
0.172109 0.489367 4.260020
6.194933 0.871015 5.318049
1.854304 2.460417 1.405853
4.959820 1.778902 0.008439
1.670579 1.172690 5.900069
3.732969 0.773784 2.238331
5.796488 1.511403 5.243508
0.070426 1.683648 2.073371
5.379716 2.837127 0.683537
1.006551 1.425544 2.500229
5.610840 1.681968 1.874686
6.069768 1.929119 3.889159
5.815103 1.644422 4.606785
0.587236 0.743565 2.014103
6.047451 1.689288 2.879099
2.705101 1.028171 0.452134
1.496819 1.495954 6.080191
3.461977 1.382233 2.125871
2.606966 2.502035 6.075126
0.641643 2.241025 6.102783
2.170991 1.514055 4.521528
2.939085 1.179370 0.513701
4.345485 2.595794 4.244418
2.532822 1.889350 5.562136
4.120326 1.816419 2.532595
4.761083 1.346573 2.700564
5.954573 2.176626 3.290468
3.401933 0.843815 4.343218
1.173731 1.081990 2.178764
6.265790 0.478602 2.232430
1.165779 2.578234 5.556650
0.962072 1.821835 5.220641
0.926257 2.767246 4.849521
2.341243 1.933603 0.174559
2.967822 0.215496 2.010356
3.238744 1.618563 2.239112
5.185442 1.632715 4.565193
6.178962 0.739226 4.705620
3.247325 2.381916 5.698041
5.212282 1.717507 0.292801
5.005519 1.547691 4.316064
2.278686 0.265627 1.261597
5.881783 1.449807 0.613493
5.564341 1.792997 4.445460
6.190403 0.800333 4.488336
6.124320 1.593770 4.535342
3.191830 1.712619 0.735965
0.778829 0.815002 0.044503
3.722203 1.803064 5.428343
4.259378 1.205083 4.965614
3.868828 1.768511 1.155854
1.978509 1.375907 6.072910
1.391726 2.129973 1.295833
3.363534 1.656355 4.994943
4.239820 1.168667 3.048205
5.881876 2.132011 1.646969
4.040564 2.588223 3.204680
4.789193 0.682170 4.272707
3.614301 0.880840 3.053444
1.654485 2.343311 0.454233
2.217761 0.543592 4.467287
0.299541 1.737687 0.572393
5.037539 1.685216 1.998009
2.391986 1.683637 5.040163
2.989652 1.217625 0.572326
3.515546 2.438025 4.315991
0.203045 1.543261 1.206017
0.782176 0.822083 0.579844
0.426166 2.251458 2.250753
5.229393 1.417905 0.376221
2.571940 2.306971 6.134983
3.467827 1.232956 3.377193
0.813321 2.120650 0.060260
0.128450 1.368776 2.645234
3.088639 1.361296 1.769272
1.465515 2.430112 0.704993
2.115863 0.766370 4.642928
6.007331 2.004061 2.962796
3.889631 2.523223 0.737340
0.381148 0.709522 0.913666
3.711724 1.372704 3.375320
4.566723 1.683435 4.203104
2.727399 1.534314 5.145201
2.954022 2.775414 0.492634
6.139583 1.919493 3.912291
6.111137 1.214315 3.294610
5.362104 2.507261 1.582573
4.555991 2.476706 2.704422
2.739400 0.663703 4.016973
3.879439 0.296563 5.534878
4.023970 1.361704 1.419420
4.848330 0.231829 5.820215
3.927489 1.056200 6.231609
0.595434 1.366453 0.374081
1.687620 1.960436 0.558344
2.166365 1.792086 3.525449
2.328074 1.244167 4.507726
2.743116 1.832201 1.696685
5.602943 2.454522 4.419048
1.451976 1.485133 5.475214
6.217870 1.281279 1.467387
5.179230 0.713631 3.688260
5.031319 1.506408 1.193583
5.295625 0.760166 5.918059
5.105437 1.779654 2.821870
1.524533 0.847556 3.658233
3.432280 0.748324 2.890697
1.736478 2.687696 1.108787
4.413156 2.340211 5.083890
0.883622 1.531884 0.054621
2.705349 1.714320 4.760263
1.067497 2.211482 5.826334
4.284615 0.797152 3.622661
1.388036 0.838990 1.618723
3.152899 2.356187 2.391823
3.961570 1.798605 5.064479
3.167415 2.331275 6.190552
1.337980 1.479265 2.208046
4.163164 2.286511 1.936861
0.352850 2.356140 6.235961
1.185943 1.277381 4.633968
3.976905 0.844456 0.289546
0.796021 1.677644 0.694493
3.537928 1.928320 5.565953
2.062747 1.278666 6.012063
6.025485 1.875665 4.580203
0.835260 2.948557 1.606209
3.745138 1.641877 2.480511
5.005230 1.330687 2.550335
2.880849 1.678687 2.124207
3.832577 0.448522 1.860574
5.733665 1.030077 0.954305
1.438296 1.832608 3.729959
3.011524 3.046099 5.406516
4.461815 2.543265 3.269986
3.908524 1.833090 2.101077
3.856981 2.022686 5.960362
2.746203 1.360749 2.362592
2.384137 0.930358 6.249492
3.103782 2.911841 0.235257
3.548919 0.944248 2.630669
6.121271 1.198183 2.383788
2.704057 2.235850 0.859089
1.839074 2.552306 4.305468
5.821841 1.316648 2.920965
5.796952 2.850565 2.815924
5.456752 2.386972 5.480705
5.974921 1.000031 5.177232
3.751199 2.416033 3.832555
3.129852 2.388456 2.581770
2.554584 0.492992 0.768475
4.617296 2.364598 2.273517
3.752081 1.794801 1.237373
1.435701 1.496827 5.700378
6.056375 0.885257 6.172524
0.306553 1.020803 2.199451
2.536882 1.106713 1.416255
4.588543 2.766388 1.130262
2.717992 0.986940 0.905000
5.805622 2.712397 0.643971
1.064894 2.024841 4.758548
1.064735 0.804169 2.835109
2.065196 1.422188 4.205495
3.316793 1.115528 2.549251
3.874766 0.526389 0.684230
3.211838 2.128772 2.893653
0.067434 2.141487 2.613900
5.391917 0.693110 1.235280
4.716461 0.727668 4.539300
0.302820 1.692194 4.391933
1.357660 2.362600 2.179134
0.501840 1.113410 2.885066
2.704327 0.382023 5.273010
4.884944 0.919769 5.893019
2.093698 1.186194 4.486295
3.620232 1.990244 5.691464
3.790887 1.332555 5.884493
4.881971 0.448858 6.238534
4.031258 0.796921 4.817403
6.264606 0.821742 0.410051
5.323438 2.172968 2.895414
3.025033 1.410729 0.205826
1.182169 2.712235 4.744465
5.790253 2.086806 1.338490
0.328500 1.157149 1.980144
5.176221 0.927019 5.791699
2.242763 2.138329 4.152405
3.603362 2.224135 4.588446
5.691872 1.727815 2.718863
3.829031 2.763810 1.925311
5.410626 1.397523 0.242272
5.846447 0.335222 4.883320
1.213163 2.053003 3.343278
5.560989 0.599978 0.374302
3.544097 0.286113 5.165411
3.177309 0.744698 5.355179
0.822906 0.796587 6.066797
3.159717 2.248660 5.271997
3.000443 2.032913 3.221900
5.526168 0.818507 2.786255
5.746432 2.180464 5.246474
1.463646 1.642893 4.058300
0.629561 1.786207 6.049179
1.525813 1.551699 1.628652
3.154628 2.538987 0.931800
5.989616 1.302102 1.912078
1.784405 2.231246 1.336505
5.144232 2.039368 4.049004
5.289723 2.370878 2.644590
4.064264 1.937415 0.834044
0.022273 1.904223 6.097115
0.623647 1.529656 1.866775
5.756438 0.775614 0.366773
0.635105 2.331563 1.330934
5.924141 1.555278 3.142054
2.596806 0.958132 1.964571
5.040537 1.366311 0.453631
5.114571 2.232620 1.019821
3.715773 1.622544 0.619111
4.194025 1.153665 0.700717
3.194796 0.534707 4.783799
4.793903 0.858140 4.641641
5.096606 2.448590 2.113425
5.316152 1.345917 2.643395
4.783438 2.160372 5.980554
4.336462 1.625434 0.599587
1.147176 0.240674 1.669034
2.851744 2.223292 3.761038
5.187577 2.144920 3.379309
5.445632 2.258959 2.902189
2.068851 0.860197 5.878882
3.909559 2.381912 0.066808
1.150725 2.145647 3.570976
5.501709 2.221691 4.473079
5.833347 2.304648 3.905502
3.382482 2.054975 2.680091
4.620533 2.029183 5.248600
3.130413 1.739472 5.551502
0.375599 1.514986 1.606292
3.886318 0.722693 2.685812
0.206845 1.179822 4.531916
5.366375 2.748961 3.880296
4.204823 1.709430 3.480950
6.199232 2.130316 5.255659
5.337315 2.120566 4.179647
4.986488 1.678486 0.597111
2.857109 1.385529 3.811546
4.599798 2.090696 0.180068
4.387533 1.025521 2.677057
0.097768 2.358105 2.446177
3.913555 1.519972 1.903258
2.689773 2.611335 5.668403
0.281004 2.367562 6.060320
5.050493 2.068965 4.625795
2.719622 1.845761 4.658521
5.372784 1.685607 2.926998
2.564403 1.642281 0.047970
0.840541 1.357320 4.026550
5.436355 1.029944 0.245974
2.404736 1.732726 3.848688
5.508471 1.034458 1.255754
1.803231 1.794892 3.636456
4.241282 2.006864 5.741998
5.011255 2.718866 4.100508
1.155881 0.726301 5.694458
4.415684 0.733014 1.748804
3.196470 1.027260 0.349867
2.758200 1.897846 3.913138
3.528898 0.714998 3.362590
1.894930 1.683931 0.556718
2.179590 2.209970 1.415377
0.133009 1.113720 4.435128
2.364519 1.100782 2.901452
2.270813 1.929542 0.881414
0.823472 1.481371 5.205289
5.397159 2.744026 1.935520
1.292675 0.847309 4.017833
2.694408 2.062691 5.134081
1.373239 1.356287 0.325891
3.020084 1.089232 5.588192
3.131481 1.694239 1.605982
2.006893 1.268500 5.078558
1.399049 2.150181 2.438150
5.716543 1.534981 5.970768
5.755222 1.454228 5.670017
1.525978 2.348763 4.250855
1.896218 1.299426 0.730968
1.068169 0.593715 3.459394
3.718888 1.435092 4.008124
4.832750 1.293015 5.947320
5.290689 1.817777 6.193034
4.409291 1.288939 2.922568
6.136896 1.573594 1.105859
0.200625 1.807209 4.239774
4.528523 2.357163 2.035833
3.045829 1.766223 3.010839
5.153347 2.541952 4.840047
5.975687 1.166117 0.828869
5.767065 2.314444 4.674201
3.553729 1.460066 5.269749
2.070439 0.464528 5.985464
2.861794 1.734967 0.540780
0.989783 1.836715 3.204634
2.721101 1.688425 3.483554
0.430575 1.572112 4.216777
1.159334 2.214785 2.121090
4.301044 2.240624 5.946461
6.068954 2.513043 0.571619
2.687855 2.495482 0.854220
1.946243 1.695527 0.470672
5.168057 2.639664 0.074872
3.253585 1.752283 4.197316
3.935162 1.488243 2.262655
5.351783 0.501074 4.881787
3.096632 2.276545 2.087099
3.742844 0.740429 0.282485
0.958877 1.736534 5.327179
4.443834 1.968917 1.868753
3.811172 1.625977 3.944999
0.558524 1.774401 3.359973
2.051616 1.716514 4.322017
0.286925 2.449403 1.890455
5.779046 0.897299 1.699198
5.826128 2.640756 0.040797
1.095737 2.147473 2.075569
0.679139 2.298434 5.977355
5.888710 1.565665 1.022418
3.181384 2.237170 1.005342
3.179802 1.066562 2.611495
0.948128 1.067403 5.389346
0.250995 1.813622 5.258622
1.440499 2.890522 3.881089
0.582941 0.954704 1.553875
3.314039 0.369000 6.169713
3.565359 1.974566 0.399375
2.407320 1.968000 3.824163
5.715588 2.039741 1.457478
3.023862 2.077918 5.718455
3.815361 2.464061 5.005901
0.681356 1.467576 2.357388
2.495777 0.915324 1.244569
6.242594 2.078728 1.369187
0.357005 1.504391 0.744013
5.991258 1.006160 5.659263
0.601951 0.656623 2.824541
3.591660 2.644103 0.602114
1.893000 2.358878 6.203422
4.595300 1.617612 2.873167
4.966361 2.482396 0.193437
0.927265 1.951688 3.392159
2.007994 1.092557 1.669426
0.777446 2.707231 5.698551
4.409172 0.837641 2.853001
0.059498 1.782020 4.998492
2.193571 1.472131 3.727373
2.917716 0.879850 0.919736
0.269074 1.816723 2.690900
4.975145 0.932780 0.168737
4.445568 2.171675 4.807356
3.274433 0.916858 1.295055
4.168140 2.250130 5.006806
1.771349 0.893634 3.073876
0.960400 1.159328 0.934218
2.208098 0.564689 1.958755
1.665305 1.009788 2.703132
2.431382 0.864745 3.846953
4.028677 1.919499 0.629425
4.243278 1.566103 0.858046
2.169333 2.295940 6.220943
0.989159 2.172820 5.628332
5.095414 2.179429 5.620552
5.991898 0.611191 1.163446
4.998052 2.177219 0.339140
0.666939 2.516530 5.985911
5.424414 1.488113 1.856184
5.774994 1.055254 3.773617
5.940322 2.758593 5.003252
5.294475 0.331938 3.282969
0.492716 2.204806 2.550549
3.766410 1.595331 2.737396
2.938975 1.030793 5.513371
0.112063 0.907147 3.874593
3.365885 2.496124 0.003204
0.721407 0.999768 5.377785
0.293252 1.770850 0.486413
2.985355 2.308752 3.528837
1.344027 2.360106 6.278801
3.113892 1.466719 2.466646
0.959433 1.238253 0.548362
1.545788 1.635249 6.035248
2.831701 1.864407 1.079973
1.404212 1.041165 1.118968
0.747257 0.868527 3.878057
5.305593 0.913991 0.355767
5.155089 0.955136 1.972153
6.266522 0.658214 3.697834
5.846441 2.437668 3.342034
2.630495 2.144205 0.680008
5.538779 1.164996 5.692878
5.411008 1.495501 3.939185
5.186892 1.858681 2.261701
2.371575 1.223492 0.644150
4.736116 1.280479 5.047399
2.590087 0.945769 0.821389
5.146318 0.518260 3.148940
3.312443 2.566127 2.780358
5.411072 2.043309 4.638819
4.305535 2.110982 2.177008
4.653034 0.500167 1.849702
2.771028 0.778952 2.632745
3.851340 1.748823 3.296353
5.385179 1.277325 5.503292
5.233466 1.059304 0.501183
2.306853 1.782680 4.298302
1.573274 1.313400 3.434815
1.036746 1.469680 5.221391
2.080206 1.548472 2.390396
5.872083 1.982213 2.517968
1.959702 0.528715 0.125921
2.169913 2.103644 4.943624
1.322251 1.842082 0.469588
1.727374 2.325472 2.032201
2.583951 2.177985 0.299438
2.860749 2.253303 1.475428
2.834554 0.838705 2.576361
2.936988 2.301314 2.251213
1.823995 1.075595 5.679911
2.653498 0.738510 3.887822
1.042219 2.438929 0.716412
1.142651 1.130101 1.667524
2.314090 2.198780 5.729107
2.225471 1.280960 4.933613
5.298839 2.970327 3.974267
3.880258 1.806586 2.432101
0.349895 2.843154 2.143239
2.390685 0.784547 5.122201
0.525713 1.127642 2.718210
1.487916 1.414590 3.243192
1.332168 0.756140 1.311085
1.667322 2.135057 5.602294
3.243814 2.653758 1.890321
3.151258 2.322853 2.743815
0.484409 1.391104 0.912992
0.982974 2.320057 0.289242
5.401915 1.232094 1.870908
4.443672 2.504289 3.465827
1.668713 1.340857 3.127537
2.989169 2.441587 5.371400
5.134473 0.486462 4.177503
3.082361 0.741105 5.522517
2.731721 1.951736 3.927002
5.818083 1.106193 4.071076
3.907225 2.373296 3.761471
4.206243 0.267911 4.751869
2.367013 1.990193 5.998564
6.220592 1.504025 0.113913
3.182527 1.700852 2.510785
2.851658 1.151807 0.469017
4.455123 2.192817 5.086418
1.732217 1.845825 0.489455
0.987183 2.340839 4.776275
0.868443 0.796775 1.209732
2.605227 1.768100 5.235566
4.431713 2.146919 0.960553
1.020058 1.774451 5.957712
1.036532 2.366471 2.396860
4.036526 1.270792 1.824763
4.338228 0.534274 4.229259
3.354307 2.261534 5.763668
2.167804 0.602840 5.031732
6.261026 1.595810 1.604801
1.692845 1.509042 1.071598
4.104670 2.059035 2.246541
1.830317 2.662960 0.595410
5.801016 2.205396 1.285114
3.390852 2.109145 0.198031
6.138259 1.517056 5.696926
4.314013 1.167966 5.175917
2.422506 1.282492 5.318751
3.194468 1.627924 4.652613
5.388631 2.158026 0.735300
2.793472 0.914783 6.086526
5.822869 2.009917 4.780211
3.401017 2.195613 3.492081
0.814158 0.569400 3.691637
3.296796 2.119120 5.579667
4.979955 1.326161 0.163627
3.254243 1.144154 5.420523
4.197160 1.697342 5.288858
0.338664 1.983866 5.426332
2.949049 1.127857 6.220643
0.432654 2.496537 1.154969
4.175216 2.825951 6.063457
3.888346 1.537465 4.088490
4.750051 2.178040 2.938159
4.001755 1.050162 4.945802
0.409605 0.306636 4.333188
2.163135 1.804384 5.148305
1.638687 0.364851 0.591298
2.824578 2.002667 1.036374
2.975295 1.879825 0.595584
6.007563 2.007946 1.025794
4.747507 0.784994 3.772702
3.203908 1.177087 0.885337
5.619902 0.859240 1.113363
5.472003 0.522795 5.072165
